100
3 3
1 2 1
1 3 6
2 3 4
6 5
1 2 6
3 4 0
5 6 7
3 5 1
4 6 2
3 2
1 2 0
2 3 10
4 3
1 2 0
1 3 1
1 4 2
2 1
1 2 0
2 1
1 2 1
10 43
1 2 0
2 7 5
2 9 7
1 4 2
1 8 6
1 6 4
1 10 8
2 3 1
2 5 3
4 7 17289
1 3 93845
5 9 90079
3 7 12195
4 8 93248
3 5 72881
1 9 54990
5 7 9978
2 4 4920
2 10 49743
6 10 50320
6 8 52751
3 9 89839
8 10 15992
6 9 6806
5 10 66422
4 10 45864
7 10 67903
8 9 34202
3 8 10873
3 6 78192
4 5 64168
5 6 88501
4 9 56237
4 6 63827
7 8 54265
7 9 6306
3 4 41981
2 8 13844
2 6 78844
1 5 59801
9 10 29277
6 7 79721
1 7 49477
10 38
8 9 37820
5 9 47280
5 10 62785
2 5 56576
4 10 88814
6 9 59970
2 10 29891
2 9 49139
2 8 3992
9 10 79867
7 10 30259
6 7 23301
3 7 97202
1 7 6068
4 9 7639
2 4 16307
3 9 66413
1 9 68606
1 6 71991
1 5 92458
1 2 89267
7 9 78326
3 6 7135
2 6 64713
1 4 48273
4 6 68175
4 8 85215
6 8 53768
5 8 42701
3 5 57573
4 7 66456
4 5 90753
1 3 67375
6 10 61722
3 10 26761
5 7 34549
1 8 80150
7 8 70441
10 42
7 8 17386
7 9 90706
2 7 76306
6 7 8887
4 5 72059
5 9 44004
2 5 89646
1 3 78719
5 8 55870
3 5 11673
8 10 53759
1 6 97844
5 7 47148
2 4 73255
1 4 19206
6 9 82810
5 6 88858
4 9 93824
2 9 79479
2 8 97242
1 7 31717
2 10 37682
4 8 38652
1 8 48304
3 9 99825
2 3 35529
5 10 6167
6 8 16171
4 10 30814
4 6 3171
3 8 75712
1 2 27678
2 6 24142
6 10 11356
1 10 94853
9 10 1329
7 10 30393
3 10 53780
3 4 60546
3 6 3722
3 7 27178
1 5 84345
10 38
5 9 68237
2 8 28944
3 4 87191
7 9 21969
1 8 78052
1 10 61946
7 8 55266
1 5 15239
6 8 70082
2 4 50562
5 8 90207
4 6 86886
1 2 13638
1 6 81247
7 10 32107
8 9 71782
2 7 47582
4 5 20950
4 8 79051
8 10 27794
5 7 11200
4 9 60274
2 3 89437
3 8 62975
3 6 168
2 5 71499
3 7 57540
4 10 83128
6 9 63496
4 7 13685
6 7 5214
1 4 65241
6 10 20598
2 9 24772
3 10 70725
5 10 98652
3 5 61474
2 6 10778
10 34
3 4 22030
1 3 80131
2 3 7104
4 5 88267
2 10 46077
1 6 80778
2 6 9870
1 2 57702
4 8 15996
5 9 56458
2 7 58862
4 7 63043
3 9 92872
1 4 82630
7 9 69117
2 4 55902
2 8 54256
3 10 23428
1 9 70100
2 5 69567
6 8 36931
3 5 98754
4 10 57804
7 10 91739
6 9 59062
5 8 97536
6 10 72306
9 10 89955
3 7 82740
1 5 57821
3 8 38511
6 7 31925
5 10 77588
1 7 86735
10 40
4 6 16331
2 5 41101
4 8 40228
9 10 73669
3 10 65221
1 6 88622
8 9 66727
5 10 64554
4 10 98250
6 8 17792
2 8 24984
7 10 83248
2 3 80649
3 6 34492
2 9 32647
2 4 51433
1 10 62234
5 7 69464
2 10 13004
1 7 34390
8 10 38566
6 7 96370
5 9 65226
2 6 84520
5 6 30574
1 4 28068
7 8 67278
1 2 66088
1 9 22803
4 9 95109
2 7 92498
6 10 20387
4 7 75865
1 3 70692
3 5 94993
4 5 27898
7 9 50054
3 9 86179
1 5 22144
3 4 82637
10 16
1 10 69023
1 3 28696
2 9 89846
6 7 61642
5 9 13395
7 10 83475
2 10 587
5 7 5436
1 6 52610
3 7 65328
3 9 58851
2 6 89485
4 7 84399
2 3 94054
8 9 61993
7 9 30207
10 14
5 7 61616
7 10 96019
3 4 4634
1 2 67275
4 5 28006
1 4 24206
5 9 42797
8 9 5387
6 7 51780
3 7 19019
7 8 43161
3 10 32085
1 6 10295
1 3 18754
10 30
2 6 24012
1 4 15153
7 8 9815
6 9 46821
5 7 42984
5 9 38877
1 5 44083
3 10 27272
6 7 51824
2 9 41292
9 10 47453
1 10 66970
4 5 79053
3 8 45825
3 6 45520
4 9 72933
1 6 91300
3 7 53514
3 5 63579
5 8 79881
4 8 20201
7 10 66241
2 5 46549
2 8 52250
8 10 66682
1 7 49831
5 10 8899
1 9 35304
7 9 55434
1 8 65771
10 21
6 9 71772
2 9 43870
5 10 58670
8 9 67853
2 4 83016
1 5 26712
1 7 71957
5 8 34955
4 7 37787
3 7 64246
1 4 63960
4 10 26255
6 10 93162
2 10 54281
1 8 19501
3 9 65152
6 7 1128
1 9 64048
5 7 78673
2 5 11930
1 2 11010
10 41
1 8 75043
1 2 49793
3 4 33471
2 6 79989
6 7 74686
4 5 61378
3 9 51738
1 6 77205
1 3 41791
5 10 96261
8 9 91709
4 7 2679
5 9 84259
1 7 15460
7 8 59963
1 9 44046
1 4 73148
4 8 10919
7 10 96684
3 8 78271
2 10 4211
6 9 22168
2 3 34833
2 7 64099
5 6 28704
3 7 37448
1 10 27503
3 6 1020
3 5 1442
9 10 93201
5 8 52633
4 6 96928
1 5 82483
3 10 97658
6 8 77583
4 10 23733
2 8 74341
8 10 8604
7 9 2648
4 9 12013
6 10 77343
10 15
7 9 61418
4 8 43618
7 10 29808
3 5 85732
6 7 58082
1 10 91475
4 10 53731
2 7 65021
1 3 55494
3 4 16909
5 10 64578
2 6 38870
3 9 64058
9 10 4043
1 7 6169
10 20
1 9 47569
3 5 80288
2 8 93247
5 10 41184
1 4 17223
3 10 17360
2 3 89427
4 9 88695
7 8 10108
3 9 43041
1 10 96199
3 6 64931
2 5 54468
4 10 98816
4 8 89641
7 10 58899
5 9 51055
7 9 28745
2 6 11308
5 6 13669
10 12
2 9 65499
4 5 39619
2 6 28166
4 8 45983
2 8 96056
6 10 13002
3 5 36296
1 2 52629
3 10 8089
1 4 71406
5 7 15076
4 6 4168
10 20
3 9 39458
7 10 8631
4 8 39077
2 9 42347
5 10 85247
1 5 76796
4 6 36885
3 7 4640
2 7 82419
3 6 23586
7 9 38223
2 6 11186
1 3 95233
4 5 40069
1 10 78398
4 7 1980
1 7 72181
5 8 42138
1 6 9507
2 4 49573
10 17
7 8 84697
2 5 64598
8 10 53097
6 7 39288
2 10 54263
3 6 99448
2 3 17352
1 10 50796
1 5 56393
2 7 68417
1 2 15356
1 4 50731
1 8 72304
6 8 48342
1 7 84057
3 4 17875
1 9 22265
10 30
7 9 44649
5 7 92332
2 8 40572
2 6 65559
1 3 29869
4 6 95566
1 6 34340
2 4 99323
2 10 26954
4 9 67545
3 4 5123
8 9 38508
1 8 35998
1 5 86031
5 10 37868
7 8 88880
8 10 29045
6 8 75104
6 9 97010
4 8 26830
2 9 94561
2 3 17857
3 5 15941
5 6 24669
3 10 34093
3 9 60671
3 6 39801
3 7 36843
1 7 3704
4 10 97315
10 33
9 10 74843
3 7 28274
1 8 1925
3 5 53108
7 9 78074
4 10 46487
1 2 95695
8 9 60972
3 6 49540
5 9 82470
8 10 48231
6 7 45242
4 8 91774
2 8 65751
2 10 82374
4 5 88938
7 10 19669
2 3 93608
4 9 28771
2 7 33634
1 7 6023
1 4 54798
6 8 3148
5 10 18300
5 7 77994
7 8 83092
3 8 58072
4 6 88806
1 9 61873
1 10 36813
4 7 81480
3 9 71655
1 6 74270
10 22
2 3 39645
5 10 79300
5 9 66511
2 5 22695
5 6 95905
1 2 81547
3 10 59563
6 9 78226
6 8 53728
2 10 64708
7 9 69837
1 9 69531
1 10 45909
4 5 79261
2 9 96295
9 10 21447
1 6 89773
8 10 68316
3 7 60245
5 8 29016
4 6 42418
6 7 8552
10 27
8 9 90706
5 8 14608
6 7 88705
1 10 51830
2 5 5274
5 7 34428
4 7 80200
1 8 94444
3 7 30239
7 9 69706
1 4 84163
5 6 71237
5 9 55160
2 9 51493
1 5 91242
2 4 93759
9 10 61395
2 8 46449
1 6 54703
4 10 15063
3 5 48852
6 9 57448
6 8 74523
2 7 37050
3 9 69475
1 7 42329
2 6 65366
10 27
2 7 53707
6 8 10312
6 7 11191
8 10 44568
5 7 2876
1 8 20155
3 5 91715
2 10 41150
4 8 78169
1 7 98788
7 8 28421
5 10 4621
1 4 60582
2 9 59781
5 9 28768
1 2 32768
3 6 10188
1 3 7795
4 7 57638
1 6 80318
6 10 50877
4 6 30151
3 9 3465
4 5 77138
5 6 43956
2 5 77199
7 9 88907
10 30
5 10 50403
5 9 26993
3 8 42018
6 7 16641
3 4 52094
7 9 96326
3 9 86535
1 7 51486
5 6 18443
2 9 69683
1 6 33697
9 10 66718
8 9 47720
2 4 16240
5 7 19960
1 9 3996
2 10 89507
6 8 76682
1 5 88932
5 8 72097
3 5 29437
3 6 45373
3 7 39708
4 5 30133
4 9 21718
8 10 61067
6 10 78452
2 5 82384
4 10 26116
4 8 36486
10 34
1 2 23799
2 5 84302
5 7 67056
1 6 91533
2 9 53564
4 5 77938
3 4 27352
1 8 73324
2 3 49114
4 6 34774
3 7 44727
1 3 34917
3 6 75453
8 10 53805
1 10 33704
5 10 68297
2 4 42953
9 10 30855
7 10 45851
3 9 14555
4 9 28956
1 4 64371
2 10 7548
6 8 82199
6 10 55964
3 5 38973
4 10 24691
5 8 61911
1 7 90298
6 9 56950
7 9 40721
1 9 71883
2 8 30061
2 6 50670
10 35
4 7 30870
1 4 63379
2 6 63863
8 9 34166
5 10 46279
4 5 17759
2 5 74453
3 5 93634
2 7 93959
5 8 22145
3 10 90074
6 7 26334
7 8 13011
8 10 63750
1 2 56202
6 9 87808
1 3 93366
6 10 70836
1 9 6728
7 9 38827
1 10 44373
5 6 71926
2 8 80482
4 10 56677
2 4 15873
2 9 64309
1 7 28416
2 3 72367
3 4 99244
2 10 16337
5 7 39876
3 6 91088
7 10 78406
3 7 97382
1 8 25241
10 20
2 10 95296
6 7 11706
2 5 44128
6 10 54449
1 8 33986
9 10 65461
8 9 13359
4 6 58127
2 9 61110
4 10 9503
3 4 56451
3 8 40782
1 10 19556
6 9 95920
1 3 63049
4 5 5735
6 8 80816
3 9 82328
4 8 27852
5 6 44714
10 41
6 10 96670
6 7 10079
1 4 82460
2 8 63696
7 10 55914
2 4 43902
6 8 55631
5 10 50013
5 6 8404
4 10 19434
4 8 17570
6 9 16505
3 10 48534
8 9 23116
1 3 75319
5 7 99095
3 4 26880
1 7 7812
4 9 80691
8 10 592
2 6 49603
1 6 83561
7 9 80521
3 5 11775
4 7 21639
3 9 567
1 10 30981
4 5 30307
2 7 1524
3 6 65971
2 9 96842
2 5 1229
2 3 58701
1 5 62436
5 9 9795
5 8 5213
1 9 42932
3 8 88695
4 6 59994
7 8 88209
1 2 51340
10 28
4 6 80972
5 9 13732
6 10 94611
5 6 56063
3 5 91727
7 8 31332
3 6 78101
7 9 37537
8 9 69401
2 10 44006
1 10 69127
5 10 69430
1 8 53044
2 3 41545
6 8 47793
1 2 94471
7 10 24564
4 7 45647
2 5 4417
1 9 7891
4 9 30617
3 7 66790
1 4 83740
4 10 70828
3 9 8713
2 7 38724
9 10 41590
2 8 51461
10 40
3 10 59970
3 7 28389
3 8 2582
2 9 74658
3 4 14971
5 10 67484
6 9 91557
1 5 31356
1 4 70688
1 3 10060
2 6 97088
2 4 29054
6 8 80699
1 8 9500
1 9 8438
2 10 70337
7 9 31127
4 7 81541
1 6 72109
1 2 42797
4 6 22758
5 6 14075
3 9 15270
2 8 72101
5 8 79720
4 5 81390
9 10 81736
3 5 1121
8 9 82094
2 5 87392
2 3 57285
8 10 230
1 7 99180
4 9 6593
5 7 62618
2 7 49713
7 8 51676
6 10 70344
5 9 958
1 10 3683
10 45
3 8 20101
7 8 30729
8 9 56649
4 7 40184
2 4 96398
5 10 10511
2 7 95024
9 10 18681
4 10 87501
1 4 23388
6 7 29713
4 6 83623
7 10 12878
1 7 37119
1 2 22843
2 3 20587
1 6 62865
5 7 64478
2 5 9602
5 8 44558
4 9 79979
3 10 11235
2 9 88786
3 6 73442
1 3 50839
5 9 22938
8 10 19044
3 9 70967
1 5 2761
7 9 10254
3 5 75147
2 6 59414
1 10 31212
3 7 54788
6 8 82988
3 4 34454
1 9 73085
6 9 81552
4 8 64429
6 10 3327
5 6 41891
2 10 82086
2 8 46915
1 8 42919
4 5 34256
10 41
1 6 37454
2 4 93524
4 7 13558
2 3 18916
3 7 62687
7 8 11855
3 4 85467
8 10 31846
1 4 37728
6 8 25427
2 6 80796
1 7 53696
4 10 11479
9 10 73008
5 7 46870
8 9 27438
2 5 68678
5 8 14376
3 5 41151
4 6 86602
1 9 77054
1 10 74085
4 9 75499
2 9 90487
5 9 60032
6 10 11154
3 6 79810
7 9 86431
2 8 6802
1 3 15052
7 10 32138
1 2 56021
3 8 87843
1 8 48242
6 9 58256
4 5 23711
5 6 26018
4 8 45835
6 7 50519
3 10 6552
2 7 10024
10 32
2 3 34293
2 9 36165
2 5 58224
5 10 39297
1 10 43196
5 6 52453
1 8 167
1 9 26999
3 10 75416
8 10 17016
3 7 16187
1 5 44279
6 8 84273
4 7 63004
5 8 17100
4 9 90886
1 7 45908
4 5 85973
4 10 83732
6 10 21366
2 7 79429
2 6 91046
5 9 98514
4 6 86675
3 5 30895
1 3 82223
5 7 78639
7 10 15998
1 6 70195
6 9 58640
8 9 13688
6 7 66258
10 42
5 6 84428
1 3 74305
2 9 83502
4 10 8196
4 6 14718
3 7 35022
5 8 61967
6 7 40853
3 10 64098
1 9 90201
3 9 41271
2 4 65799
2 6 34673
4 9 79047
6 9 84634
4 5 73140
7 8 64967
6 10 46165
1 4 44570
4 7 85580
5 9 59843
5 7 44165
1 6 23229
2 3 91529
2 10 65871
3 8 15031
3 4 16310
1 8 76285
7 10 97820
4 8 26559
1 7 65324
1 10 66432
1 2 1521
8 10 90068
2 8 54087
6 8 46434
5 10 84464
2 7 44207
1 5 32725
9 10 83536
3 5 19246
8 9 37979
10 16
5 10 10967
7 8 2014
2 10 41809
8 9 58607
4 10 90965
6 7 42229
3 10 50822
1 5 72909
3 7 8622
1 6 71958
3 9 71529
3 5 80808
5 9 10872
4 7 15110
5 6 70394
8 10 30071
10 34
7 10 99754
2 3 54893
3 4 82404
7 8 37646
1 3 47016
5 9 83981
1 10 66656
1 4 44828
5 7 52178
3 5 45756
2 9 6375
5 6 42666
7 9 92524
3 6 47462
2 5 21110
6 9 36869
1 5 99446
8 9 46918
2 7 72539
6 10 82393
6 7 65242
9 10 10929
4 5 43883
6 8 85896
4 6 81130
2 10 76600
1 8 6209
3 10 78424
8 10 60502
1 9 33220
1 7 81578
2 6 93581
2 4 70078
4 10 13412
10 36
4 6 98609
2 4 90364
2 6 70656
1 5 84817
3 10 23669
8 9 39244
4 8 29237
1 9 18961
3 7 11298
7 10 2393
1 2 20696
3 9 69341
4 9 13840
1 10 9332
2 8 84530
6 7 89491
7 9 85137
3 4 4746
6 10 1035
1 6 65336
1 8 39185
9 10 49
5 8 96860
6 8 92421
5 7 60946
2 5 63099
2 3 72449
3 6 4017
7 8 67304
3 5 14723
4 5 43689
3 8 25671
5 9 11009
1 3 80651
5 6 34662
4 10 54043
10 25
3 9 49740
1 10 56300
4 8 60978
6 9 25976
1 2 9359
3 10 34759
4 10 8521
8 10 39150
1 5 43720
5 6 64625
1 9 72302
1 7 22499
1 8 42280
3 8 1020
1 4 58944
4 7 24373
2 4 31700
2 7 50179
7 8 74692
4 9 20917
2 9 30060
1 3 57388
7 10 65688
6 10 65021
4 6 30185
10 22
2 4 2754
1 5 28304
1 3 41532
3 8 30586
6 8 66969
1 9 88000
1 6 48279
6 7 16478
2 9 31419
8 10 11908
4 10 66486
4 6 21325
3 9 37846
7 10 40332
3 10 20082
3 5 84104
5 9 56796
4 7 44297
3 6 84665
7 9 47379
5 10 70392
8 9 73880
10 45
2 3 2011
1 9 30062
1 10 35225
7 8 4378
2 8 94000
4 10 64167
3 8 41252
5 7 43964
1 3 98734
3 5 28665
4 8 88548
7 10 11943
1 2 60433
1 5 87232
9 10 33332
3 6 20357
5 8 41610
8 9 88634
5 10 28325
7 9 27738
3 9 44424
3 4 70406
6 8 10159
3 10 55466
5 9 63967
2 5 74379
2 9 87060
3 7 7071
1 7 55765
5 6 51052
1 4 33875
1 8 73966
1 6 3604
2 4 73501
6 9 61212
4 7 22518
6 7 67003
2 6 95259
6 10 76303
4 5 50836
8 10 64702
4 9 86010
2 10 3891
2 7 20551
4 6 82116
10 37
5 9 41304
5 7 23436
7 9 72617
4 7 20582
4 5 69380
5 10 90821
4 8 38438
2 6 908
3 7 55553
2 7 44419
1 9 68071
2 5 37703
4 10 62636
6 9 4183
1 8 70662
1 10 96197
3 6 52335
2 4 22986
5 8 80152
6 10 97338
7 10 25680
7 8 52628
3 9 90086
2 10 40871
3 5 7289
2 3 63287
9 10 81356
6 7 97604
6 8 81925
1 2 53638
1 3 87874
8 9 29416
1 7 52082
2 8 67056
5 6 12649
4 6 5941
1 4 81190
10 19
4 10 34584
3 8 77586
6 10 85615
5 10 72050
6 7 41517
2 9 74337
4 6 65932
8 9 44507
1 6 38575
4 7 6970
5 9 82533
1 4 53360
4 9 89655
3 4 99736
2 5 62504
3 6 41912
6 8 27227
4 8 80195
1 5 92494
10 10
5 6 71660
2 8 20428
2 4 62185
1 9 94135
2 3 97858
2 10 78411
1 8 99583
1 6 44883
2 6 13193
6 7 50961
10 11
1 10 71577
4 7 66454
4 9 86104
3 4 65314
5 8 24840
9 10 30522
5 7 35137
2 4 4113
7 10 25516
4 8 73835
6 8 71464
10 27
7 8 81685
1 9 52688
1 8 21567
4 5 30429
2 5 97588
4 7 32870
4 9 58850
5 6 59509
3 7 94885
2 7 75372
1 10 78845
6 10 87597
6 7 11116
5 8 16759
4 6 8459
4 10 94570
3 4 28911
1 2 61553
1 6 19207
3 9 243
2 8 67323
1 3 17518
3 6 19810
7 10 78918
8 10 28169
6 9 97119
2 3 83841
10 18
2 8 33096
4 7 80866
2 4 80714
4 5 42722
3 9 93857
6 7 90420
6 10 14844
1 2 40129
1 6 3457
9 10 34310
1 7 27416
5 7 69211
4 9 42598
5 8 62749
2 7 30932
8 10 65519
2 5 81866
7 9 31683
10 15
5 10 82710
2 6 15848
3 4 3303
1 7 895
5 9 33543
4 5 94610
1 2 0
7 8 72612
3 8 78978
2 8 73468
1 4 68556
7 10 71788
8 9 43758
1 8 15246
6 7 33465
10 23
9 10 87058
3 9 13182
1 10 98372
2 7 11154
4 6 67294
4 8 89920
3 5 93350
4 7 29509
1 8 5157
1 6 34811
8 10 34798
6 10 35014
5 7 56544
3 7 19616
1 7 59568
8 9 34260
2 8 82078
3 6 79889
5 8 83018
6 7 78882
7 8 11383
4 10 0
1 5 45620
10 19
1 4 84647
3 10 71271
6 8 5256
5 8 0
3 5 17577
1 3 22702
2 5 74964
5 6 91348
4 5 66421
1 5 22460
1 9 65990
7 8 31090
3 7 76988
2 10 8044
1 7 49704
9 10 89954
6 10 90930
2 7 21321
3 8 67895
10 31
4 8 89463
3 10 5687
7 9 4404
5 9 88015
5 7 43048
4 5 99053
1 6 19501
6 10 24857
2 3 35867
3 5 33619
1 4 86002
4 10 60280
6 8 68005
1 9 62085
3 6 50400
9 10 37902
6 7 57661
4 6 74715
1 3 94870
2 5 0
6 9 23153
4 7 78946
5 10 66456
2 7 15353
7 10 33848
1 2 1762
7 8 90205
5 6 72977
3 4 54061
2 8 84331
5 8 19421
10 19
2 6 16788
6 9 62008
3 7 6434
7 8 73209
2 8 49880
2 3 74845
3 9 62991
2 7 86519
2 9 8633
1 8 0
5 9 60386
8 9 24902
1 7 85659
3 4 33328
1 5 44133
4 8 21338
4 9 71893
3 5 56055
3 10 26038
10 38
4 6 39727
2 7 83819
7 8 20905
7 9 25250
4 9 8966
1 4 76345
1 7 57587
5 9 3928
1 3 83641
2 10 13654
8 9 85913
3 9 58921
1 8 50979
5 7 39412
4 10 70287
4 7 2070
2 5 85498
7 10 15318
3 5 32260
3 8 71866
6 7 61031
3 7 18069
6 10 56802
1 6 38214
3 6 83823
5 10 36117
1 2 49786
8 10 371
2 9 33469
2 4 26772
9 10 0
5 6 78398
6 9 89514
6 8 34
3 4 54155
2 3 37736
1 5 32154
4 8 95044
10 23
9 10 54545
3 10 29050
5 10 31034
2 5 9036
1 10 78106
4 10 80752
3 5 49550
4 9 18307
4 7 72626
1 9 50658
8 9 94110
6 8 86300
4 8 0
2 9 51537
5 9 93427
2 10 87089
2 6 16323
2 7 13689
3 9 74378
3 7 25076
2 3 12944
1 3 85731
4 6 53504
10 29
9 10 45521
7 8 29599
1 10 21383
8 9 1055
2 3 44206
2 9 2797
1 3 92948
3 7 71348
4 10 90189
4 5 44700
7 10 44196
5 8 63186
2 5 62264
3 4 58301
1 5 3307
1 8 56626
6 9 9457
6 7 44074
5 6 73426
7 9 27216
2 6 89122
1 7 96389
1 2 0
3 5 59214
3 6 58342
4 8 36626
3 10 65426
2 4 35204
1 4 94443
10 21
6 9 72015
3 8 0
5 7 87515
7 10 59318
1 3 84942
2 7 5018
7 9 4519
3 7 89119
6 10 66585
4 5 20251
1 9 77744
2 8 73361
1 8 81255
4 9 75412
5 9 18377
9 10 47176
3 5 73160
2 6 26253
1 10 90086
3 10 73267
4 10 35640
10 10
8 10 47239
7 9 12874
2 5 62405
3 9 90954
3 8 94182
1 6 97259
6 9 39360
1 4 14217
1 10 0
2 10 85373
10 22
4 8 7817
4 5 89436
1 5 9792
3 8 99425
1 2 0
6 10 35011
2 7 14690
5 8 34219
5 6 99766
1 6 13757
9 10 96196
8 9 69988
1 10 70621
7 10 62276
3 10 57851
2 3 34245
3 6 22835
4 7 78044
1 7 27401
8 10 16681
4 10 71696
4 9 48658
10 38
1 5 60234
6 10 73522
2 8 30031
1 9 73400
5 10 68975
1 10 57432
2 4 43640
1 3 349
2 3 97075
7 8 95556
3 7 26502
1 8 37614
2 7 6143
6 9 85947
8 10 49097
3 8 81112
4 10 18289
4 7 35640
2 10 10884
8 9 81757
4 6 69057
3 9 64507
6 7 29465
5 9 34274
2 5 19845
3 4 57650
7 10 53974
1 7 0
1 4 94235
1 2 98239
4 5 71752
2 9 69244
5 7 87152
2 6 57435
3 10 96603
1 6 72550
3 5 62600
3 6 13944
10 28
7 9 1103
6 10 82
3 10 63935
8 10 98499
6 8 73273
4 9 9561
2 9 75374
7 8 25274
1 4 61019
5 10 83240
1 5 39453
2 10 17881
4 5 76004
4 10 32247
1 6 78167
4 8 57035
3 9 88058
5 8 40016
1 8 39048
3 7 93104
2 8 65403
6 9 41272
1 9 76080
1 3 0
6 7 27574
5 7 60494
7 10 501
5 6 84548
10 24
4 9 79540
4 5 7979
4 10 58884
1 7 8987
3 9 92039
2 8 58341
2 6 73653
6 10 52881
8 10 41941
1 3 74886
7 10 6324
6 9 71759
7 9 75440
5 10 80764
3 6 15487
2 9 0
2 4 59454
2 7 57803
2 10 27555
1 4 72822
1 6 49413
9 10 49921
5 7 97162
1 9 2396
10 13
2 8 64206
6 8 19686
5 7 58150
1 4 68654
7 10 76667
4 10 0
9 10 7696
1 2 44182
7 8 99440
6 10 60398
2 7 28788
2 3 10614
1 3 90800
10 18
2 8 15557
7 10 25517
4 6 66750
1 2 44815
2 5 91655
5 8 91823
3 5 19915
4 10 80653
3 10 29229
1 5 3240
5 10 50821
3 6 68172
3 9 67183
2 3 25776
5 6 0
8 9 52994
2 4 30018
6 9 50378
10 36
7 8 9304
2 4 79828
4 9 47942
2 7 0
6 8 18774
5 10 56891
3 7 38510
3 8 91020
4 6 57700
3 5 4467
4 7 9714
1 5 37205
4 5 89960
2 3 80800
1 4 65382
1 6 26599
1 3 19939
4 10 55091
2 6 35421
2 10 86762
4 8 85851
1 8 85564
1 9 26918
6 10 9681
1 2 41834
2 9 22089
2 8 42089
8 9 38147
7 10 65564
1 7 4347
5 6 26867
3 10 57762
7 9 72620
1 10 55755
3 4 44601
5 9 19191
10 42
3 5 72572
6 8 59565
1 5 40202
1 7 39002
5 7 69205
4 7 33137
7 8 81853
3 4 8848
2 3 16529
3 7 66105
2 8 38352
1 9 77675
4 6 88687
7 9 32015
1 3 36833
1 8 28453
5 9 95060
1 10 25841
2 9 1620
3 8 0
4 8 45315
2 5 69838
2 6 32071
3 6 12825
7 10 58502
2 10 99485
3 10 8083
1 4 98220
6 10 41217
2 4 31200
8 9 53484
6 9 47076
5 8 87351
6 7 61621
3 9 40008
4 5 65535
4 10 80144
9 10 53144
2 7 16826
5 10 65050
1 6 70438
1 2 12543
10 19
1 3 0
5 8 58244
2 10 97003
1 8 44733
2 7 8110
5 7 14265
4 7 82220
4 5 35852
1 10 56398
5 10 8932
3 4 27342
6 9 65409
2 3 34008
3 5 77613
1 6 24097
6 7 42712
3 10 68941
1 2 2828
4 10 37359
10 40
3 7 17655
5 9 70816
5 6 73948
3 5 36389
4 8 94902
3 8 48853
1 6 72400
2 6 26024
4 9 85358
5 8 55290
3 6 61226
7 9 27100
2 3 99070
2 10 0
1 8 73201
6 7 1605
2 5 66637
1 5 86031
1 9 84537
6 9 91043
4 6 9380
2 9 55958
1 4 61356
3 4 16008
3 10 80057
8 10 22419
2 8 21859
4 5 68921
8 9 13843
2 7 89085
2 4 42579
4 10 38563
3 9 94660
7 8 31841
5 10 54405
1 2 10955
6 8 82168
9 10 92917
5 7 70188
1 7 41059
10 41
5 8 29335
5 10 3446
4 5 55313
1 3 40347
1 7 17996
2 6 63762
1 10 9597
2 10 30653
7 9 63855
2 7 10511
3 5 36132
3 7 15892
1 5 40008
1 4 93251
6 8 11545
5 6 33822
3 8 31471
7 8 91395
9 10 14361
6 9 60216
8 10 0
1 8 82902
6 10 96476
2 5 82430
2 8 37185
6 7 35498
4 8 15141
4 7 44271
2 4 29829
3 6 90347
1 2 96863
4 6 498
7 10 65639
1 9 10001
3 4 80000
2 3 14898
5 9 13177
4 10 71397
4 9 64829
8 9 15012
3 9 75377
10 30
3 10 28807
1 6 65036
7 9 43666
1 9 70397
1 5 2137
4 8 36822
6 8 50099
1 7 61331
4 6 62163
8 10 11161
4 7 35278
2 5 19209
3 5 84414
5 8 58155
5 10 79053
3 7 27205
2 10 9455
1 4 88897
3 6 12891
1 8 86837
1 2 0
3 8 17466
7 8 47165
6 7 9678
4 10 42788
6 9 21340
2 3 3237
7 10 41955
9 10 19212
2 7 81525
10 11
3 5 41910
9 10 36812
6 10 95156
2 7 43548
5 8 0
8 10 18147
1 8 75937
1 6 81381
2 4 38589
8 9 85786
2 3 80901
10 13
2 6 54765
6 8 1304
1 2 17347
2 8 79996
3 4 10068
5 8 90282
1 7 0
5 7 2446
1 10 93995
2 10 14123
9 10 31704
2 9 71666
4 9 49852
10 10
1 9 9758
2 6 11334
4 5 0
1 4 23894
1 10 95533
3 7 40073
9 10 86728
8 10 8871
8 9 25910
1 8 37398
10 36
1 6 2252
4 8 76890
1 3 74630
1 10 55605
1 7 59366
6 8 25675
1 2 77057
5 9 77773
1 9 2509
2 9 21552
3 10 34735
1 8 29331
6 7 84787
3 6 49839
5 8 48268
4 5 88126
4 9 87106
4 6 84813
7 10 16919
3 5 48273
9 10 10659
2 10 92813
2 4 8926
4 7 32909
7 8 97521
2 5 45949
8 9 52144
5 6 93043
3 9 1238
6 10 0
8 10 1799
2 7 71030
3 4 73482
1 5 75201
3 8 41207
1 4 61737
10 28
1 4 97313
8 9 76391
4 6 34235
5 6 2467
1 9 57216
1 10 8356
9 10 49356
3 9 47924
1 6 6361
1 5 51741
2 7 46054
2 5 94253
7 10 15721
2 9 50861
2 3 54392
3 5 33056
6 8 0
3 10 12755
5 7 54502
2 10 11278
2 8 12394
1 8 19354
4 10 90788
8 10 23254
2 4 31168
4 9 20507
4 5 99416
1 2 92087
10 32
4 5 61854
7 8 50362
8 9 38116
4 9 23232
6 8 21716
8 10 56241
1 4 58491
4 10 80890
3 8 80184
9 10 48281
5 9 93807
1 6 71131
5 8 50290
2 7 71956
2 4 93995
1 5 78233
3 6 10419
1 7 30462
5 6 13105
2 8 38760
7 10 63351
1 9 54714
2 9 17298
5 7 17257
3 4 35846
3 7 88205
6 10 0
2 6 23017
4 8 38303
6 7 25933
1 2 99303
2 5 3537
10 38
5 9 72728
1 6 35442
4 6 38759
5 10 63978
8 10 29571
5 7 73724
4 9 98382
1 7 9335
4 8 81008
1 10 50715
1 5 96310
4 7 55898
6 7 16118
6 10 93627
2 8 53671
9 10 57739
7 9 80527
3 4 91794
5 6 30716
3 6 60007
2 3 91069
3 5 65868
1 4 43262
4 10 74359
8 9 0
1 2 333
1 9 18334
6 9 50686
2 10 86287
2 9 56258
2 4 93809
3 7 95993
7 10 17744
3 8 68978
2 7 1843
7 8 60986
2 6 83139
1 3 72198
10 40
1 10 10661
6 7 7935
4 6 8941
1 3 53300
3 7 51325
8 10 7228
1 7 12224
3 10 86130
1 8 96084
3 4 37538
2 7 91985
4 9 11186
6 10 11882
9 10 96760
6 8 76758
2 8 33494
1 4 17672
4 7 15917
7 8 9989
4 10 10314
2 3 93749
2 9 11885
1 6 11689
4 8 20460
5 9 38430
3 8 63492
7 9 38716
5 7 65646
3 5 71886
2 4 53694
5 8 28038
7 10 70374
6 9 19444
1 9 71250
2 5 0
2 10 98896
1 5 48493
4 5 84119
5 6 18746
8 9 93178
10 39
2 10 22508
7 10 39679
2 8 99656
7 8 7859
1 5 89167
3 10 56784
2 5 52816
4 8 98251
4 6 41349
3 5 82953
1 4 94918
5 7 85858
3 9 98233
2 9 79422
5 6 82648
1 8 4796
5 9 4465
2 7 49730
1 9 83913
1 6 82041
1 7 79827
3 7 35441
1 10 77191
2 6 32571
5 8 45313
6 10 0
9 10 64026
4 7 65767
3 8 40366
5 10 37120
3 4 64538
6 7 15995
1 3 23554
2 4 24653
2 3 35722
4 5 62795
1 2 23827
3 6 78793
6 8 43207
10 29
5 8 84403
3 7 25754
3 10 30266
6 8 47000
8 10 36773
2 6 73714
4 7 69044
1 9 6228
1 6 60574
5 10 1780
2 3 0
3 9 2276
6 7 68010
9 10 95009
4 10 8465
4 9 34045
1 4 12671
4 6 3019
3 5 31777
2 7 27356
1 5 80212
3 6 61327
6 9 57090
2 10 32950
2 5 43511
4 5 92087
6 10 30946
7 10 51943
1 2 24094
10 36
1 8 59269
2 6 39294
6 10 40871
1 4 6401
1 2 32862
4 10 14762
2 9 55470
2 4 74745
1 3 21957
5 6 17682
8 9 57155
1 6 80014
2 8 8762
4 7 20200
3 4 82918
5 8 3751
5 10 32046
7 8 74638
7 9 44937
4 5 35243
4 6 23819
7 10 73500
5 9 0
1 5 69869
1 9 42626
6 9 36308
6 7 36078
3 9 23549
4 8 27430
2 3 98805
1 7 10447
2 10 25312
3 8 24295
3 6 23196
2 5 54990
3 10 32222
10 40
4 10 0
1 9 80944
9 10 79001
7 8 14661
4 6 81567
2 6 59189
1 4 87113
2 10 22429
2 4 99938
1 3 735
4 9 88734
3 10 87010
2 9 18377
2 5 88456
2 8 91330
2 7 80995
3 6 35519
7 9 13602
1 8 21637
3 8 74692
6 8 48789
1 2 7929
3 9 38644
5 7 73718
3 5 5054
1 6 35008
8 10 78148
6 7 40718
5 10 30851
1 7 4892
1 5 29616
3 4 68331
6 10 51900
7 10 86920
4 8 4272
2 3 51830
6 9 66974
3 7 25598
4 7 67307
5 9 63350
10 34
2 5 99613
6 9 30739
1 10 53339
1 4 98081
6 10 2846
8 9 97563
5 8 6947
3 9 37852
1 5 77649
3 8 71005
4 6 4968
3 10 52051
7 10 54458
3 5 79711
4 10 24485
1 8 93917
5 9 46947
3 7 89934
1 9 0
7 8 36725
1 7 86270
3 6 84394
4 5 22144
2 10 36972
2 4 29217
2 7 40371
5 7 25062
2 9 66351
4 8 17194
8 10 54661
1 3 18227
2 8 93447
3 4 8715
4 9 65253
10 29
2 4 69826
1 3 87214
2 7 52899
3 8 38944
4 7 61330
1 6 91592
2 8 2130
6 8 58822
1 5 74083
6 7 8001
4 9 67677
1 4 74235
7 8 19566
7 10 77431
1 8 0
3 10 85310
2 9 4685
3 6 1244
9 10 73661
4 8 64286
4 5 76108
2 3 25768
4 10 59652
6 10 47703
1 9 93319
3 4 12051
5 10 29344
8 10 28213
4 6 12559
10 41
2 7 82298
1 8 76449
4 9 74414
1 7 23683
4 10 66800
3 8 50238
3 9 44076
1 4 93997
3 4 29964
7 10 12
8 9 67051
1 10 59590
8 10 30950
1 5 61451
2 8 13515
2 3 21298
3 5 20469
3 7 29764
6 9 64751
4 8 1947
5 8 42764
1 6 48588
1 3 0
7 9 85090
6 8 83884
4 5 35654
5 9 26516
4 7 97859
2 10 4859
1 9 66882
2 6 17344
1 2 17655
2 9 2032
5 10 56070
6 7 39362
7 8 49399
4 6 61838
3 10 11724
5 7 8355
6 10 3281
2 5 7395
10 29
7 10 36458
5 7 36275
6 9 44860
2 7 24355
3 9 10245
7 8 67985
1 2 70878
2 4 31221
1 6 30629
2 8 15885
5 8 58507
4 9 40410
3 10 65628
2 5 17476
4 5 51224
1 3 43703
5 6 70278
9 10 81183
4 8 34177
3 6 91177
2 10 23425
1 5 0
1 10 33769
3 7 44289
2 3 77518
5 9 43047
1 7 71012
5 10 75403
1 9 68430
10 12
1 7 0
1 3 49895
2 4 66141
1 2 25859
4 8 43036
4 6 37160
2 3 92230
5 10 56077
3 10 21169
5 9 39543
1 8 46182
2 5 10027
10 16
6 9 72397
5 6 20274
9 10 89379
2 8 95516
4 5 52869
1 2 36589
4 6 78432
3 6 20509
2 7 32073
5 10 71995
3 10 1466
4 10 52565
7 8 91028
2 10 2912
1 10 0
5 8 22830
10 18
3 6 4196
7 9 4680
5 6 33831
5 10 33696
3 5 4246
4 5 59060
2 5 0
1 7 90587
2 9 4608
1 9 13439
7 10 14605
1 5 77913
7 8 45949
3 4 86349
2 7 75075
4 8 89461
1 10 11413
4 7 64307
10 22
2 8 72619
4 9 90520
2 10 3688
1 6 55642
1 2 11380
3 4 2254
3 5 36217
2 3 15344
5 8 35732
7 8 0
1 8 888
1 4 35304
5 6 50394
6 9 81009
4 7 6313
5 9 69766
6 8 94489
2 4 19980
4 10 90776
1 7 24872
3 8 26894
1 10 68572
10 33
1 2 72686
5 8 67062
1 3 43848
1 9 42444
3 8 18658
4 8 37933
1 4 95700
5 10 94391
8 10 51188
4 10 58880
4 5 19976
1 7 93925
2 9 56369
2 4 66944
7 9 84343
1 5 85331
8 9 81082
2 3 0
3 4 28008
3 5 10142
5 6 41197
6 7 1570
7 10 59275
3 9 55797
7 8 30236
2 7 65555
5 7 40716
1 6 38109
4 6 88352
3 10 50836
6 10 44036
2 8 10767
2 6 35723
10 20
8 10 82758
1 5 44454
3 8 69643
2 9 27635
7 8 91225
1 3 6395
1 6 60395
7 9 67892
6 10 63154
2 7 74546
4 6 54781
3 4 51999
4 10 87070
2 3 70512
1 8 50343
5 7 85685
1 10 27580
5 9 82826
6 9 0
8 9 54135
10 30
1 7 63621
3 10 84950
7 8 4210
1 3 44956
2 9 44441
1 6 19737
6 7 50192
3 5 14636
5 6 83038
2 3 66098
1 5 22010
3 4 44758
2 5 85496
4 8 22551
2 6 41957
1 8 58349
1 10 24561
6 8 72872
5 7 48790
4 7 91259
7 10 75596
2 4 25227
4 6 0
5 10 67783
6 10 48090
3 9 2751
5 9 20216
7 9 61770
6 9 23143
1 9 32462
10 37
3 10 36642
1 5 73206
2 5 73073
6 8 21382
7 10 37507
7 9 29744
1 2 96220
1 8 73369
4 10 75311
7 8 18989
4 9 0
9 10 3021
2 4 5880
1 4 15489
3 8 14878
5 6 68122
1 3 59959
5 9 50487
1 7 96018
1 6 11509
5 8 28996
1 10 34404
4 6 35373
3 7 85661
2 3 71664
3 9 76860
2 8 30318
3 5 49819
2 6 27316
6 10 41469
2 10 19281
3 6 38227
2 7 67629
4 7 8948
5 10 23454
8 9 2351
6 7 22105
10 11
4 6 0
3 10 10412
1 4 16716
1 7 44665
4 7 41686
2 6 35498
2 5 27757
3 5 21712
7 9 74578
2 8 14694
2 7 28359
10 45
8 10 75239
3 9 40895
1 6 44682
2 3 0
9 10 97073
1 3 32814
4 8 95346
3 7 85396
1 2 69634
1 7 60001
4 10 87041
2 7 24167
3 5 81245
8 9 41079
2 5 52270
4 6 51431
6 10 90042
3 4 29928
6 7 54588
4 5 92513
3 8 2188
2 8 45137
6 8 30467
2 10 42264
7 9 36066
4 9 5688
1 10 56029
5 8 94239
2 6 62095
1 9 19494
7 8 8610
5 10 99558
3 6 36399
6 9 26750
1 5 72299
2 4 77462
2 9 26739
5 9 49596
3 10 60511
4 7 96716
5 6 89639
7 10 66331
5 7 10831
1 4 88004
1 8 30992
10 41
2 9 32825
6 8 40067
1 10 86353
1 3 41148
8 9 98110
4 9 22826
6 10 10675
4 7 56079
6 9 73008
5 6 40287
5 7 8343
2 8 70982
1 9 4577
1 8 22491
3 7 14678
7 9 24625
2 6 49380
4 8 57393
6 7 74267
3 10 50742
3 8 66938
2 5 36797
3 9 53334
4 5 78262
8 10 74913
3 5 85029
1 6 17034
5 9 38222
5 10 32042
2 7 31930
2 4 54486
9 10 46950
5 8 49867
3 4 45904
1 4 55071
1 7 0
2 3 92031
3 6 92027
4 6 63368
2 10 22892
4 10 46831
10 45
8 10 59504
3 4 40973
3 8 44940
4 9 79176
4 6 5912
2 7 91335
5 9 68818
1 2 60767
8 9 43795
5 7 94786
5 8 0
4 5 92668
2 9 57994
4 7 58423
7 9 455
3 9 37131
7 8 64448
1 8 40669
3 10 68085
6 8 35256
3 5 36838
4 10 93129
1 7 18568
3 7 7036
6 9 30022
2 10 8283
2 3 95965
5 10 15646
1 9 37701
9 10 5370
1 6 30225
2 6 33962
1 4 65221
2 8 68251
3 6 53892
5 6 560
4 8 65175
2 4 4734
1 5 96962
6 7 38839
6 10 77121
7 10 78410
1 10 76822
1 3 42088
2 5 51171
