100
5 1
3 1 4 1 5 9
2 7 1 8 2 9
4 8 15 16 23 42
5 5
3 1 4 1 5 9
2 7 1 8 2 9
4 8 15 16 23 42
400000 100000
2671142 105432070 151762092 540677051 273942802 558461632
2671142 105432070 151762092 540677051 273942802 558461632
115061 283612 130769 394239 325373 400000
51596 95602
0 0 0 0 0 1000000000
999999999 999999999 0 0 999999999 1000000000
232022369 411141886 299756792 105627130 466068239 587484854
400000 100000
32639197 188930558 315640696 199524868 332946031 452504759
32639197 188930558 315640696 199524868 332946031 452504759
395479 325941 332622 258296 262450 400000
94329 100000
0 0 0 0 0 1000000000
19223347 345324676 297014245 328835584 404268109 469823498
199983009 217846317 62152404 877961139 28044776 905231099
400000 100000
89385597 469104304 494832624 340751225 521566790 740550268
89385597 469104304 494832624 340751225 521566790 740550268
59246 227304 58437 121643 26318 400000
400000 100000
14521985 280715263 193431403 87001667 253674301 477262462
14521985 280715263 193431403 87001667 253674301 477262462
344246 223414 361755 249348 44683 400000
400000 1213
237487047 684881618 512121752 153943803 364727187 847892215
237487047 684881618 512121752 153943803 364727187 847892215
374660 6648 306844 261913 281853 400000
400000 100000
173670536 165654037 163167892 182050684 33888695 356524210
173670536 165654037 163167892 182050684 33888695 356524210
0 0 0 0 0 1
400000 100000
28566083 39291204 30000829 42087464 52238048 80190192
999999999 999999999 0 0 999999999 1000000000
379728283 132124230 218580989 179585848 424818448 451339384
152378 100000
541552245 436023513 201013473 90098178 42366320 554369305
541552245 436023513 201013473 90098178 42366320 554369305
150659 126273 66218 68154 94394 152378
400000 100000
113444420 157845262 355886066 288159220 188276343 377432811
113444420 157845262 355886066 288159220 188276343 377432811
280724 128840 228033 382528 86204 400000
76717 31149
599276719 235958551 10657658 445475920 519430147 879221538
999999999 999999999 0 0 999999999 1000000000
298855578 155887852 476744353 82089587 167938502 508679636
1 1
0 0 0 0 0 1
0 0 0 0 0 1
0 0 0 0 0 1
51596 95602
0 0 0 0 0 1000000000
1124826 17248611 141194954 201939729 77925032 285638264
12696185 399588694 223826006 340500998 77581191 400401306
129823 69003
812837774 60815249 514854351 737358903 717160184 874453085
16743974 17629168 16301676 14069632 21859074 66218089
695147271 755061497 80865868 392280835 62662233 891265771
400000 100000
0 0 0 0 0 1
999999999 999999999 0 0 999999999 1000000000
0 0 0 0 0 1
353805 40783
384095909 99659612 483501533 127247324 277525037 543937665
28194442 278583866 233171832 284477490 304636602 394666582
344618644 971510576 222713874 831010778 10704364 998239174
400000 100000
1699682 136924266 64214882 8177226 382082345 618557200
1699682 136924266 64214882 8177226 382082345 618557200
247220 84670 278215 207652 115628 400000
76717 31149
0 0 0 0 0 1000000000
999999999 999999999 0 0 999999999 1000000000
41246793 168019883 290407292 130571751 87542539 316845731
400000 100000
120806263 355222795 390404333 86250314 217861419 582616613
120806263 355222795 390404333 86250314 217861419 582616613
72144 75912 297077 170137 297376 400000
212361 30053
649088228 710204293 326970929 482314499 110681577 949207863
3377666 396155820 243307163 348161787 303922707 478642767
486680377 383650249 7940212 210736071 66248615 527681918
353805 40783
94756397 69163238 37836505 118894539 5618764 137882890
999999999 999999999 0 0 999999999 1000000000
419211557 268893553 61454343 141028860 224129934 480726184
397524 100000
790402606 313270777 650425754 340528318 113380966 967040285
790402606 313270777 650425754 340528318 113380966 967040285
258313 229961 169677 149181 386801 397524
353805 40783
0 0 0 0 0 1000000000
999999999 999999999 0 0 999999999 1000000000
67797731 40887 204408306 259973843 196562346 261610571
397524 100000
0 0 0 0 0 1000000000
999999999 999999999 0 0 999999999 1000000000
416913648 606965566 489817240 591979899 555537701 701017392
330301 18239
42545756 36695103 44127846 49093255 33436820 49206984
25552951 121581376 88635946 39672187 112882881 136301371
413098718 519480931 2855979 223777557 261473213 546107120
152378 100000
263182983 321238731 434015092 681441991 534232651 934518775
24531323 4875164 5762698 8971470 85700739 99772282
331640135 663523890 346348563 260259447 55824249 836601745
1 100000
0 0 0 0 0 1
0 0 0 0 0 1
999999999 999999999 0 0 999999999 1000000000
400000 100000
116797601 207729679 78145890 49609416 39065614 223991375
116797601 207729679 78145890 49609416 39065614 223991375
104273 151279 136043 30318 163770 400000
400000 100000
344472291 297142980 258426541 454915520 136979311 749729281
344472291 297142980 258426541 454915520 136979311 749729281
391793 291318 250182 127908 13709 400000
94329 100000
550787117 125489842 583435303 371826479 638810186 838940282
550787117 125489842 583435303 371826479 638810186 838940282
52159 30818 72370 61874 52093 94329
400000 100000
0 0 0 0 0 1000000000
130007080 153570020 209520959 228857138 260906709 272615737
291736921 221809428 144239229 489615791 34778237 519362661
400000 100000
85414341 8001217 70993408 66328468 85704827 107452339
85414341 8001217 70993408 66328468 85704827 107452339
8701 313280 323201 276875 31307 400000
400000 1213
276846366 662608241 354548012 323986008 202831108 763985366
80427476 190517405 65473341 241028896 49835453 407062657
11042852 29626554 36169465 36952984 27657085 53377914
400000 100000
141840811 734313837 12034079 213730284 277947560 767072345
114440314 25683359 57911804 68087285 26251628 119262493
616122282 653652938 351031954 512449409 545190655 659446334
48000 69565
225371628 339306174 360791800 163135163 202054931 390422851
114266167 209723880 739817233 782247679 500811718 897685263
107762363 374969088 423536557 48033874 395227832 434195868
152378 100000
0 0 0 0 0 1000000000
999999999 999999999 0 0 999999999 1000000000
24427868 63719767 246474817 33959633 52504598 265657005
400000 100000
141805968 364588229 15045198 60931123 115855340 546208261
141805968 364588229 15045198 60931123 115855340 546208261
14284 228470 355382 172770 5823 400000
400000 100000
294142153 356998869 165134893 127927224 585254895 754579891
294142153 356998869 165134893 127927224 585254895 754579891
322050 31463 154123 274976 277016 400000
397524 100000
41350432 185004402 256539258 151937742 32433230 424331528
999999999 999999999 0 0 999999999 1000000000
692851925 552180654 349518366 351698282 501052375 829847582
400000 1213
0 0 0 0 0 1000000000
999999999 999999999 0 0 999999999 1000000000
863105497 843517292 859156374 334942742 733479962 965621657
51596 95602
187168155 87490520 7371317 530157545 57350036 573307472
55587012 219142377 325056549 60634501 340908303 351108031
39048719 807666519 824331410 168768098 684549142 938061766
400000 100000
258150875 43398660 230424332 37342327 166825034 401799456
72522739 107745024 63946726 58229651 22690409 129417805
20679836 38524014 51379792 48988946 41121409 85537719
400000 100000
326754572 194315555 257811823 465156052 384453790 530441740
326754572 194315555 257811823 465156052 384453790 530441740
209124 71081 41223 351158 234233 400000
26008 50615
446636634 608314452 707968075 365214066 203180403 875483585
452091579 516608557 484644802 67410593 46349240 593301735
7464137 2230359 22642079 21320993 23539493 25140668
400000 1213
0 0 0 0 0 1000000000
36581095 107006993 94211685 47458996 80904676 114113244
45621337 4430593 131926955 107783137 16222478 226365745
76717 31149
0 0 0 0 0 1000000000
522481639 162906953 625166433 596848922 530500523 659544671
80350000 329243860 47076398 474195792 409336546 606649002
400000 53048
0 0 0 0 0 1000000000
114012358 92542734 79763197 61578221 25606761 140035414
413514843 351543878 149083750 378400100 579352049 722959351
400000 100000
313979393 330224153 244200340 493311335 255723965 567712391
313979393 330224153 244200340 493311335 255723965 567712391
374632 113894 30066 382180 33085 400000
400000 100000
0 0 0 0 0 1000000000
999999999 999999999 0 0 999999999 1000000000
54052928 120260414 4529420 52750617 83704313 149301602
400000 100000
589989053 206338272 354051952 83979709 356688022 977630209
589989053 206338272 354051952 83979709 356688022 977630209
305329 91842 103616 177730 49729 400000
400000 100000
66614529 68915242 38300195 124642756 134870128 166983564
836745697 163013107 360667106 7667689 111624889 884864933
141198130 128639892 36731719 179962021 211092341 244952897
230390 43568
47633718 45785952 23398888 62219549 67889763 91720709
464942114 514574711 85409663 583970984 541947449 814031508
802042062 619590464 391506448 538533296 125338958 831471744
51596 95602
269042777 417161823 325977522 62770748 500023980 500520007
269042777 417161823 325977522 62770748 500023980 500520007
13922 5116 24740 15993 37366 51596
400000 100000
404453997 469962045 921692211 463666487 14419445 969309897
404453997 469962045 921692211 463666487 14419445 969309897
156456 334453 137497 323315 191722 400000
94329 100000
0 0 0 0 0 1000000000
999999999 999999999 0 0 999999999 1000000000
330996624 555513820 784401953 417229191 423330519 791308368
400000 20276
1530806 828240162 383166350 471186484 165028313 933377374
24083756 317327397 405043603 418921915 329584538 577791083
219971239 58410463 264960530 2179049 321162884 477552728
400000 20276
0 0 0 0 0 1000000000
5236835 153991225 205313415 93736454 124529395 243324602
133816997 383485862 309479463 49561280 255570929 456596489
400000 20276
460430598 295649719 79071178 408481201 110331362 919798869
460430598 295649719 79071178 408481201 110331362 919798869
33267 378348 194798 19351 295361 400000
400000 100000
69042671 30567806 6163150 38907481 10392294 79652421
999999999 999999999 0 0 999999999 1000000000
74135620 68522846 329510364 613191530 823201223 833256217
237316 88470
368295948 44184834 294352971 357941782 304651734 470322131
164628497 330818435 14519009 256602977 78813983 414780338
343641238 52739612 309790837 163354673 143911844 391441468
51596 95602
334083566 457674147 121217895 140524648 155166889 658654953
999999999 999999999 0 0 999999999 1000000000
69844496 131055779 99292406 147450811 83309055 253004560
400000 100000
0 0 0 0 0 1000000000
134890713 92374755 65448169 79676356 258653508 273864895
74149924 58897525 154780431 140491418 164954515 166426258
400000 100000
24034477 2121149 6401503 21062570 19572975 27964878
24034477 2121149 6401503 21062570 19572975 27964878
213682 215374 218016 392700 255676 400000
400000 20276
0 0 0 0 0 1000000000
999999999 999999999 0 0 999999999 1000000000
61558635 284395250 219578952 141918455 143309261 291529364
400000 100000
36948013 33542288 70966994 54905293 40848866 116147565
36948013 33542288 70966994 54905293 40848866 116147565
359198 258155 170411 83056 265040 400000
397524 100000
0 0 0 0 0 1000000000
671436 76514401 32173910 72997181 25498509 81902494
45301584 22766912 355221538 249227643 304769210 463950799
400000 20276
357497020 256402029 575627700 50740889 475076004 608485375
999999999 999999999 0 0 999999999 1000000000
221119161 439741715 302124111 6843318 545152757 604413646
400000 100000
136362007 65610452 166605272 731372410 213426524 755097961
136362007 65610452 166605272 731372410 213426524 755097961
259828 192834 38301 257148 38207 400000
400000 100000
0 0 0 0 0 1000000000
495091 295785 6308753 2464065 911993 6767642
247392 310705 661527 379015 449413 1514779
152378 100000
320596674 123708529 242694269 297352554 356332697 610402777
999999999 999999999 0 0 999999999 1000000000
652434177 649765432 567216943 737761923 359601322 782462257
400000 100000
29163923 117596786 337594711 7784719 354621247 406424015
29163923 117596786 337594711 7784719 354621247 406424015
302426 258908 148839 330940 92849 400000
400000 100000
303016216 152486014 335239926 205575355 292027865 355321217
303016216 152486014 335239926 205575355 292027865 355321217
231533 25029 272639 177878 233954 400000
400000 1213
29952601 152579585 578691538 297194948 286154204 801854649
999999999 999999999 0 0 999999999 1000000000
275021895 187794344 174113632 204964739 189169579 324002844
400000 100000
521201956 623267975 168525630 671516894 653261321 834358037
999999999 999999999 0 0 999999999 1000000000
641195955 91327838 515367137 208438908 170958087 760831008
300600 47029
36083260 76077022 87259473 70542815 58993776 144159100
492640536 457058819 92569217 346158095 258692864 501406669
134971601 9358715 591989903 71347127 649058355 686562220
400000 100000
0 0 0 0 0 1000000000
999999999 999999999 0 0 999999999 1000000000
371456069 255896846 218820407 1493369 148450340 508416018
400000 100000
2420230 52373725 32784577 2850436 47520258 54201943
2420230 52373725 32784577 2850436 47520258 54201943
382755 318101 109349 223084 167590 400000
353805 40783
624278473 448764718 243035518 508636270 501631908 661267026
624278473 448764718 243035518 508636270 501631908 661267026
155074 288543 273750 94805 69699 353805
353805 40783
0 0 0 0 0 1000000000
362352967 244395648 75482767 222796459 102658035 426513489
572888175 340408662 295621638 184402268 229450060 630063708
397524 100000
94037101 48228224 15174238 41736696 23234651 128727784
21315972 194617661 119901111 119502595 145159732 209192949
714183212 163158916 383957211 106980481 483472124 765436467
400000 100000
68358140 32180863 272224769 244983126 449854890 677094589
68358140 32180863 272224769 244983126 449854890 677094589
65983 266864 215074 278988 168201 400000
400000 100000
792631449 267664019 525950840 388068384 376427405 913362924
792631449 267664019 525950840 388068384 376427405 913362924
50334 291465 133468 198870 242938 400000
76717 31149
241436016 241789941 271739049 234472097 60351282 319455390
241436016 241789941 271739049 234472097 60351282 319455390
10761 33495 19393 9684 52566 76717
400000 100000
14889529 26920656 24783560 790065 1903205 37883198
14889529 26920656 24783560 790065 1903205 37883198
201395 363771 258754 349451 163981 400000
94329 100000
87783732 103785169 68172765 115986174 119022271 125194679
21043285 84472008 59781560 40599614 15490671 114560162
8318434 28077473 8113990 9097628 6875542 41185104
400000 53048
0 0 0 0 0 1000000000
999999999 999999999 0 0 999999999 1000000000
180525739 319369486 293037768 717729445 366570257 862193732
400000 100000
16466602 355454558 165967254 158295937 64081181 417278147
16466602 355454558 165967254 158295937 64081181 417278147
318771 80337 289061 344939 111925 400000
94329 100000
22165498 34268506 560431849 191050791 465340659 628502077
999999999 999999999 0 0 999999999 1000000000
533283823 85149527 657685911 450246381 530983983 709766007
290700 21884
49446734 231583540 267631546 145767350 122221587 282780753
46818896 11534357 25150337 51857434 16499205 61852608
539313632 310763478 89815667 564838492 156472577 602502716
400000 53048
136145600 366648689 241629395 150703717 459045724 515186175
86580025 50177506 145073032 82051437 126656474 172391813
56055049 94989226 1311839 4689604 65356185 195747717
400000 100000
210915376 222982750 217195582 196711262 132670928 285905451
210915376 222982750 217195582 196711262 132670928 285905451
18215 64009 114666 282225 140785 400000
76717 31149
582020385 177617048 431436510 599347311 87928422 879341368
207927185 164401456 190552329 513099072 358657555 831934713
626431715 766849460 466226783 346165322 129440639 920357673
400000 100000
44030362 776483660 460988844 404491623 486348243 781484725
44030362 776483660 460988844 404491623 486348243 781484725
388876 166516 392361 353117 263661 400000
400000 100000
0 0 0 0 0 1000000000
999999999 999999999 0 0 999999999 1000000000
43035923 62658697 66694578 18097517 34162455 68394507
152378 100000
0 0 0 0 0 1000000000
111440989 546026819 245544509 738328039 355376929 811179459
93827556 178877152 133753288 35223732 607763 236281469
400000 53048
335142827 535434435 466190654 133561997 245410755 871071868
999999999 999999999 0 0 999999999 1000000000
192514234 416060304 413214852 88791781 568068504 588230333
400000 53048
179923749 450155671 653488073 384410884 350059828 776748829
179923749 450155671 653488073 384410884 350059828 776748829
333773 130648 17780 137114 160574 400000
