100
5 1
3 1 4 1 5 9
2 7 1 8 2 9
4 8 15 16 23 42
246471 1
339003817 38669476 648130977 230238689 786941765 967566583
999999999 999999999 0 0 999999999 1000000000
623068939 69443273 614450463 786562468 778993496 944719099
400000 1
14254498 36381131 18805107 2276681 1547340 74411526
14254498 36381131 18805107 2276681 1547340 74411526
184336 277390 380487 277805 280463 400000
400000 1
64371124 17365751 35881737 104145254 50594399 111900748
64371124 17365751 35881737 104145254 50594399 111900748
158028 127638 267152 267129 143901 400000
246471 1
709448838 445875407 837393946 406544094 816691940 894036368
390472611 153665850 271996202 430957443 302609429 503255789
85267604 207194533 333878924 391906443 330263889 475154161
17144 1
589948750 109846963 383469610 672759258 250135693 784199623
999999999 999999999 0 0 999999999 1000000000
94199630 77076905 22969894 118129104 74832759 133257846
400000 1
53912024 6311971 409821899 204324380 240925636 423860119
53912024 6311971 409821899 204324380 240925636 423860119
30880 154992 327901 343876 282167 400000
400000 1
522890542 201325921 208950895 506880447 524320238 546090684
522890542 201325921 208950895 506880447 524320238 546090684
251409 115558 367230 278944 280793 400000
373433 1
30647006 118035173 124542996 105021109 9952869 128156089
47977088 3649980 122851623 320593272 426579624 477389107
617104288 517934231 487745707 123042051 366451271 739076884
246471 1
0 0 0 0 0 1000000000
999999999 999999999 0 0 999999999 1000000000
232301965 226961516 412124356 466392377 273310376 538267129
400000 1
3563569 7160597 5435382 7342533 9660702 18871208
3563569 7160597 5435382 7342533 9660702 18871208
19832 107856 102464 133312 250321 400000
77842 1
61885833 245798955 11048841 311876284 307243833 390764704
61885833 245798955 11048841 311876284 307243833 390764704
26574 16619 17102 14298 11594 77842
400000 1
0 0 0 0 0 1000000000
59958128 190425704 690741801 42085683 319582417 990142427
204619284 237548763 149771653 197908032 213712153 262224349
17144 1
0 0 0 0 0 1000000000
158248406 166957195 39343465 30582848 108094169 266427093
606688 6099796 7750974 6766585 5727973 10544681
17144 1
0 0 0 0 0 1000000000
999999999 999999999 0 0 999999999 1000000000
118016828 48751181 658193753 23914209 536839034 840990439
400000 1
5333971 163786677 133132244 17572973 257578709 308506619
999999999 999999999 0 0 999999999 1000000000
79740012 125419229 39579433 136027975 103561582 138620248
183986 1
9343382 659574711 763757427 719144969 98441691 854342041
999999999 999999999 0 0 999999999 1000000000
289346027 176778033 93616866 210074521 32478510 310715881
400000 1
0 0 0 0 0 1000000000
999999999 999999999 0 0 999999999 1000000000
33808248 55253114 55340115 15399117 43284845 73662893
57190 1
122790059 153382803 96237978 79345808 84633470 243432720
94678681 129116111 27952639 78867435 91884245 142294783
297232720 11926123 558562550 244348556 119456539 611714803
400000 1
31384346 107443614 96458631 143025667 37102082 311407055
31384346 107443614 96458631 143025667 37102082 311407055
168372 356630 11140 157159 33427 400000
183986 1
386021052 385635985 70127636 206485848 302426561 459542401
386021052 385635985 70127636 206485848 302426561 459542401
6845 94170 95396 21666 103970 183986
400000 1
411164457 49447515 494839503 449657654 295358355 497842119
411164457 49447515 494839503 449657654 295358355 497842119
318535 75713 160999 133637 116744 400000
208094 1
297791450 480595395 457903653 284149599 226023699 809953798
479772085 486336201 223515405 95681383 37815039 520430951
52349443 1566147 98491197 94932866 93634671 135544537
400000 1
360385312 191089741 10761506 277644149 405437950 514422063
360385312 191089741 10761506 277644149 405437950 514422063
93877 275348 293327 329046 210022 400000
400000 1
4716125 2011786 5680353 1648301 3304871 5707702
4716125 2011786 5680353 1648301 3304871 5707702
73232 23269 8435 45100 204056 400000
400000 1
0 0 0 0 0 1000000000
292756358 171793343 390097110 372900750 356003795 487451268
180005480 134630445 23725399 25110389 92542551 204720727
400000 1
5089669 39904954 30756178 17027676 77597527 132643886
5089669 39904954 30756178 17027676 77597527 132643886
108870 284639 137466 328725 1839 400000
333667 1
371709069 275375344 147559883 55886303 219841903 521672763
114857104 202882792 232667285 159175321 235471642 243959145
313256646 249261763 393960876 278032747 79713947 569209373
400000 1
201892199 809728289 621433392 555017790 796617593 855182508
999999999 999999999 0 0 999999999 1000000000
6168281 100796202 37644862 991785 4534247 103265254
400000 1
37839887 336967063 96733861 418211925 114208840 436206360
37839887 336967063 96733861 418211925 114208840 436206360
16542 159369 74087 394012 55201 400000
400000 1
106597773 98229705 86374854 138027245 137638324 176843478
106597773 98229705 86374854 138027245 137638324 176843478
291479 35419 209589 102084 340948 400000
400000 1
0 0 0 0 0 1000000000
999999999 999999999 0 0 999999999 1000000000
240234808 205267506 236276448 153567422 45175345 265305729
208094 1
0 0 0 0 0 1000000000
999999999 999999999 0 0 999999999 1000000000
403508103 633255683 752723076 712592814 654960748 792608208
144316 1
68920057 103942309 5331873 95470993 100156090 212822032
328405684 235164106 73584576 225195436 308082581 424308176
70536318 30936072 85476356 82729312 173959861 286267561
1 1
0 0 0 0 0 1
0 0 0 0 0 1
0 0 0 0 0 1
400000 1
625004826 686524397 571183015 297225684 221231081 742634891
114255433 196763634 398275573 308960545 90477824 446076886
290672394 364667901 449565373 459926383 21910523 520273866
400000 1
668743147 402262955 155557365 217525325 758080145 821720047
668743147 402262955 155557365 217525325 758080145 821720047
312970 223629 339047 37721 153991 400000
312143 1
110956453 1805202 23196648 80470282 70575024 121174009
311050161 283508966 206783917 147598556 374627871 528008835
435282088 550323445 148497713 173427910 87029920 628413538
208094 1
0 0 0 0 0 1000000000
16295215 4945183 38614107 8979998 26347031 39877913
94117484 39236911 12901815 18793619 3722583 106491653
400000 1
421335963 108522985 248542505 170414854 218151416 428054004
999999999 999999999 0 0 999999999 1000000000
323433717 90316058 332064846 737566137 1273419 839466878
400000 1
0 0 0 0 0 1000000000
219654285 168521549 90423277 369301570 272105495 479880107
346867033 233963220 336814515 100169590 35333362 385905047
400000 1
282382788 306129199 453771539 452208587 466040403 600609745
282382788 306129199 453771539 452208587 466040403 600609745
52895 274617 262443 90580 366027 400000
400000 1
0 0 0 0 0 1000000000
47625403 572364023 461460759 695467382 181952935 885228353
798100363 368277500 146068120 109328835 918359221 968592156
400000 1
5613122 23824877 147703287 122540426 67227079 260424844
5613122 23824877 147703287 122540426 67227079 260424844
348618 123616 108849 273707 28310 400000
400000 1
382225334 537761288 131055899 353159422 605180499 980393280
382225334 537761288 131055899 353159422 605180499 980393280
0 0 0 0 0 1
400000 1
0 0 0 0 0 1000000000
999999999 999999999 0 0 999999999 1000000000
166606375 558208008 553418565 578206289 534438547 789931832
183986 1
117804973 183607984 123788238 91483459 201568865 235272043
123656756 29307489 257660248 2789189 15451150 304362129
493652455 159697717 190840403 71055544 142204199 525058980
400000 1
0 0 0 0 0 1000000000
999999999 999999999 0 0 999999999 1000000000
26267951 29902033 185658879 22958886 42530293 306102469
399458 1
17903290 1764652 19308492 16299361 30832357 39048349
999999999 999999999 0 0 999999999 1000000000
61609825 14940817 29442194 40088284 39898543 63910127
208094 1
219521744 68519054 118472977 197205617 133632304 484220401
999999999 999999999 0 0 999999999 1000000000
46100480 132079413 63223802 33374463 152642641 160388481
246471 1
88171798 86233346 54718068 62132989 68994747 126174467
88171798 86233346 54718068 62132989 68994747 126174467
42520 212803 15572 2486 170145 246471
17144 1
2326753 474978676 409765027 279982487 250513236 853480747
131895188 97336750 389378110 522672829 205458007 622274141
261765526 66445764 369359511 517173237 398036521 562400217
163570 1
108784680 32197755 34609102 75248260 66113143 138232980
70701244 170558779 242497295 202402683 120771374 252381431
241461074 164521320 142975337 200245557 91499502 255461104
400000 1
98799347 230330405 480430203 148869610 745963701 817150407
93239936 483817369 364594921 54965618 429603474 534193858
697631337 501808846 776317073 393791262 515810441 789870327
400000 1
25869247 41711547 2492956 22313661 19954285 54029933
25869247 41711547 2492956 22313661 19954285 54029933
309762 349722 20913 186880 182172 400000
400000 1
265636465 535466100 350417944 527799745 417856377 539549294
265636465 535466100 350417944 527799745 417856377 539549294
14370 170775 266376 168679 341994 400000
400000 1
119945159 515049256 92243045 352805564 304280240 718098188
119945159 515049256 92243045 352805564 304280240 718098188
115712 44754 295046 58651 144917 400000
400000 1
208857395 228604463 282561528 209868140 136166237 297721733
999999999 999999999 0 0 999999999 1000000000
495486394 548197605 369287646 280107123 101731503 556833882
400000 1
49332491 241057669 346851202 148148187 179086540 489505988
49332491 241057669 346851202 148148187 179086540 489505988
89793 314698 399423 22852 358259 400000
400000 1
57622478 237014745 234475115 51187602 9077806 302903335
57622478 237014745 234475115 51187602 9077806 302903335
108372 347594 232972 82401 209586 400000
400000 1
210048105 323695442 220605460 257411968 140518798 350777607
999999999 999999999 0 0 999999999 1000000000
174760952 230236677 153798233 78193511 55425377 318693191
400000 1
412986237 253974409 189096387 28414910 55999023 566210190
16404858 24968298 82517886 63513487 219923583 234496819
306673187 369681075 593200329 114249649 7751708 797571936
400000 1
711315515 57837202 196975208 842696208 147554758 884817148
711315515 57837202 196975208 842696208 147554758 884817148
81267 205893 81480 347109 139445 400000
208094 1
89591122 104265845 134545001 14472540 17704858 141927956
89591122 104265845 134545001 14472540 17704858 141927956
193916 202139 27783 141560 133823 208094
400000 1
34364260 53299036 36535195 10888942 52138567 88812340
34364260 53299036 36535195 10888942 52138567 88812340
179335 124395 137633 19241 119410 400000
400000 1
0 0 0 0 0 1000000000
999999999 999999999 0 0 999999999 1000000000
69426054 56410422 14501483 62521950 65262928 100469675
400000 1
598187575 521415708 207443134 551946898 342719751 601055793
598187575 521415708 207443134 551946898 342719751 601055793
386011 338705 81840 106509 49187 400000
400000 1
476898288 540312617 698863074 358733177 418268052 704505384
238600145 339136072 34587690 362492875 513808739 857825290
286615618 245695599 115463472 164344235 156389175 371876546
326588 1
20510765 180271818 40896166 286721703 163245306 387515019
250412548 252929001 367226321 181599893 446504826 527850504
187384267 303625228 301949308 221195190 38531754 306714357
400000 1
0 0 0 0 0 1000000000
999999999 999999999 0 0 999999999 1000000000
48633884 92533504 105045558 251454840 13563350 254932034
400000 1
0 0 0 0 0 1000000000
533972873 513736525 700528066 320092320 159971155 769296939
512701016 432210821 510729063 415911809 528486046 696060825
17144 1
329157109 304976199 68670835 125917627 109726279 355095276
329157109 304976199 68670835 125917627 109726279 355095276
11059 7334 10921 7600 5771 17144
77842 1
0 0 0 0 0 1000000000
999999999 999999999 0 0 999999999 1000000000
607944071 400699924 559740337 512614784 507328500 841001040
183986 1
0 0 0 0 0 1000000000
440079462 188311647 341453086 626965310 522373121 803421745
528255987 8680493 534731723 334582772 251444209 656341198
400000 1
107673265 469584641 398051607 309391327 653260749 688568913
107673265 469584641 398051607 309391327 653260749 688568913
78369 219245 25199 388746 345861 400000
286646 1
153794681 321381106 284249510 353497950 454517323 543854728
342521136 274456298 635135285 593623215 140446880 787443429
270034115 277696204 178935569 262162999 151136793 325582257
400000 1
87858595 216731195 189162731 214272046 136794832 240418103
87858595 216731195 189162731 214272046 136794832 240418103
243272 137957 182164 139024 219758 400000
245417 1
87611571 1234977 32181193 150370588 213920206 220298062
162923232 660908704 204983300 253263380 745468588 924791853
488836895 24439295 179299330 284485112 533307302 771625796
400000 1
378773244 206358727 634579319 327400569 4897116 659987283
378773244 206358727 634579319 327400569 4897116 659987283
252086 346533 302253 112312 43686 400000
400000 1
359605520 46184741 875440446 838031294 648406428 882906002
359605520 46184741 875440446 838031294 648406428 882906002
373694 117912 394111 199720 338401 400000
399458 1
280265031 498657573 231542650 184145097 533313329 542630525
294543495 479619280 220974859 125841102 167484015 553973637
92198256 99686911 69620685 31941193 128458683 134368260
77842 1
756463109 71288466 192322828 240265847 829097865 881714542
999999999 999999999 0 0 999999999 1000000000
121893849 61280692 354597094 401760304 172493051 490468260
400000 1
5906303 181366584 504633768 217306831 748385065 787405668
5906303 181366584 504633768 217306831 748385065 787405668
246929 252468 13687 248665 46639 400000
400000 1
300031327 304113076 444279478 239045452 240217285 496012753
370658557 441752016 498094574 60438711 551134725 643103418
25742268 454184917 252626902 77004309 2854687 590193479
400000 1
381077734 375817509 163794996 50841861 155255567 403250933
381077734 375817509 163794996 50841861 155255567 403250933
330524 108108 361008 24828 32383 400000
77842 1
0 0 0 0 0 1000000000
159988263 73200413 3441245 123159323 237216218 304692156
252920324 62850777 344730618 191733739 62876953 466712359
1 1
0 0 0 0 0 1
0 0 0 0 0 1
999999999 999999999 0 0 999999999 1000000000
399458 1
0 0 0 0 0 1000000000
31673615 13282672 232168137 29568212 261769184 262183406
130875545 684427661 288572876 977495427 466837547 987405675
400000 1
239272338 174939811 341849636 321979671 207393692 544807608
29539503 76120967 6001532 114253154 144675100 152622239
314873967 208577683 114823164 286693265 128415159 429863927
399458 1
16269971 217862975 76811174 28517846 153439472 233567358
16269971 217862975 76811174 28517846 153439472 233567358
348705 335752 272301 132092 135105 399458
400000 1
179662384 67424217 327107005 150144227 110293514 341791983
179662384 67424217 327107005 150144227 110293514 341791983
95954 55253 51880 229021 147958 400000
133387 1
689854957 281477675 95107476 33878249 798355055 861348906
393964729 483461960 145326145 24296641 53533813 819702423
500811996 657891541 214634475 240192867 849485059 918221819
400000 1
380774296 120057838 637425370 372695471 374754335 771928538
380774296 120057838 637425370 372695471 374754335 771928538
2159 308835 220440 193512 173463 400000
246471 1
0 0 0 0 0 1000000000
212091319 296562390 218886642 207287561 301067806 307424670
358712349 748998283 497168231 685399513 232277078 792100845
400000 1
1567692 270640565 142619395 248178237 168422287 339234903
999999999 999999999 0 0 999999999 1000000000
182546444 182593945 182580245 169469789 25356832 188806317
183986 1
0 0 0 0 0 1000000000
999999999 999999999 0 0 999999999 1000000000
4445096 404365602 12620473 370407892 144603016 410586806
77842 1
892123267 396465115 67339236 154976026 617585362 932748378
40369211 7722906 31519619 14904731 20958966 46708736
738884 209606 537804 430568 399429 1700198
400000 1
0 0 0 0 0 1
999999999 999999999 0 0 999999999 1000000000
0 0 0 0 0 1
400000 1
0 0 0 0 0 1000000000
558510961 91626613 77176475 66859289 404390718 645885518
44438469 80687604 85628679 28473226 59498116 90255333
399458 1
0 0 0 0 0 1000000000
999999999 999999999 0 0 999999999 1000000000
46217202 183458674 192910513 53174633 130382641 286175687
