100
2 1
2 2
3 1
3 2
10 5
100 1
100 100
100 50
83 70
97 61
90 15
90 59
85 82
92 32
99 22
82 50
80 13
95 14
82 75
81 51
85 61
82 79
92 41
85 71
89 17
99 6
87 50
99 13
83 30
80 52
80 51
94 6
91 69
91 87
85 66
89 15
95 9
87 4
98 89
100 64
84 54
93 81
100 57
88 20
82 74
97 52
82 73
82 72
97 57
81 39
82 44
82 65
97 58
80 14
82 77
97 49
96 43
94 61
92 21
91 45
98 13
97 70
96 86
80 35
91 5
94 33
92 30
82 8
86 20
84 2
98 78
94 54
84 69
88 36
88 27
80 58
86 60
88 49
100 3
97 18
81 24
80 33
88 44
84 42
100 97
89 42
88 87
92 64
83 18
100 34
84 53
97 27
92 22
91 64
99 50
91 74
95 75
83 20
98 59
80 57
