100
2 1
2 2
3 1
3 2
10 5
100 1
100 100
100 50
89 82
86 86
97 57
85 17
88 25
88 42
88 6
83 1
84 2
90 87
93 46
84 54
81 5
92 18
84 29
82 45
82 72
85 13
91 68
97 13
84 24
94 82
85 54
96 21
89 48
98 63
96 96
94 21
91 89
94 77
84 21
89 21
84 57
89 58
82 32
84 25
97 81
86 82
99 40
96 8
98 47
81 16
92 3
95 31
92 55
90 67
91 10
92 23
88 86
83 47
98 25
87 63
92 16
86 27
95 89
98 71
83 61
94 18
90 77
83 54
93 93
82 59
95 80
84 53
87 70
88 17
94 27
95 32
98 14
95 78
92 90
94 87
80 5
95 29
98 42
85 83
85 29
84 34
81 3
90 28
94 79
100 90
94 11
84 78
90 59
97 85
84 83
99 61
80 50
87 64
93 16
92 36
